$ 1 0.000005 10.20027730826997 50 5 43 5e-11
v 64 160 64 -64 0 0 40 9 0 0 0.5
r 224 16 224 80 0 1000
162 224 -48 224 16 2 default-led 1 0 0 0.01
w 64 -64 128 -64 0
v 544 160 544 -32 0 0 40 12 0 0 0.5
407 368 0 368 96 1025
r 464 32 464 160 0 2200
w 464 -32 464 0 0
w 464 160 544 160 0
s 464 -32 544 -32 0 0 false
w 368 0 336 0 0
w 368 32 368 160 0
t 272 96 224 96 0 1 -8.889539219968604 0.09061955211162916 100 default
w 224 160 224 112 0
r 336 -64 336 0 0 10000
w 224 -64 272 -64 0
w 336 48 336 96 0
162 128 192 128 240 2 default-led 0 1 0 0.01
r 128 240 128 288 0 5100
w 336 0 336 48 0
t 272 320 240 320 0 1 -4.717571115877354 0.09061951039194784 100 default
w 128 192 128 -64 0
w 128 -64 224 -64 0
w 224 -48 224 -64 0
w 64 336 64 160 0
t 160 304 128 304 0 1 0.5716571339096158 0.6163813820296855 100 default
w 128 192 240 192 0
r 240 224 240 304 0 10000
w 336 320 336 96 0
w 240 336 128 336 0
w 128 336 128 320 0
w 128 336 64 336 0
w 272 -64 288 -64 0
w 240 224 240 192 0
r 160 304 240 304 0 10000
w 336 -64 288 -64 0
r 272 96 336 96 0 10000
r 336 320 272 320 0 10000
w 64 336 64 400 0
w 64 400 368 400 0
w 368 400 368 160 0
w 224 160 64 160 0
